vnet packetmover readable log file
TFTP root = D:\Programmation\IOS\debug\netdir
host MAC address = b0:c4:20:00:00:02
guest MAC address = b0:c4:20:00:00:01
--
a packet from guest to host, length 590
ff ff ff ff ff ff b0 c4 20 00 00 01 08 00 45 00 
02 40 00 00 00 00 3c 11 7c ae 00 00 00 00 ff ff 
ff ff 00 44 00 43 02 2c e8 56 01 01 06 00 20 01 
51 88 00 00 00 00 00 00 00 00 00 00 00 00 00 00 
00 00 00 00 00 00 b0 c4 20 00 00 01 00 00 00 00 
00 00 00 00 00 00 00 00 00 00 00 00 00 00 00 00 
00 00 00 00 00 00 00 00 00 00 00 00 00 00 00 00 
00 00 00 00 00 00 00 00 00 00 00 00 00 00 00 00 
00 00 00 00 00 00 00 00 00 00 00 00 00 00 00 00 
00 00 00 00 00 00 00 00 00 00 00 00 00 00 00 00 
00 00 00 00 00 00 00 00 00 00 00 00 00 00 00 00 
00 00 00 00 00 00 00 00 00 00 00 00 00 00 00 00 
00 00 00 00 00 00 00 00 00 00 00 00 00 00 00 00 
00 00 00 00 00 00 00 00 00 00 00 00 00 00 00 00 
00 00 00 00 00 00 00 00 00 00 00 00 00 00 00 00 
00 00 00 00 00 00 00 00 00 00 00 00 00 00 00 00 
00 00 00 00 00 00 00 00 00 00 00 00 00 00 00 00 
00 00 00 00 00 00 63 82 53 63 35 01 01 39 02 05 
c0 37 04 01 03 0c 12 ff 00 00 00 00 00 00 00 00 
00 00 00 00 00 00 00 00 00 00 00 00 00 00 00 00 
00 00 00 00 00 00 00 00 00 00 00 00 00 00 00 00 
00 00 00 00 00 00 00 00 00 00 00 00 00 00 00 00 
00 00 00 00 00 00 00 00 00 00 00 00 00 00 00 00 
00 00 00 00 00 00 00 00 00 00 00 00 00 00 00 00 
00 00 00 00 00 00 00 00 00 00 00 00 00 00 00 00 
00 00 00 00 00 00 00 00 00 00 00 00 00 00 00 00 
00 00 00 00 00 00 00 00 00 00 00 00 00 00 00 00 
00 00 00 00 00 00 00 00 00 00 00 00 00 00 00 00 
00 00 00 00 00 00 00 00 00 00 00 00 00 00 00 00 
00 00 00 00 00 00 00 00 00 00 00 00 00 00 00 00 
00 00 00 00 00 00 00 00 00 00 00 00 00 00 00 00 
00 00 00 00 00 00 00 00 00 00 00 00 00 00 00 00 
00 00 00 00 00 00 00 00 00 00 00 00 00 00 00 00 
00 00 00 00 00 00 00 00 00 00 00 00 00 00 00 00 
00 00 00 00 00 00 00 00 00 00 00 00 00 00 00 00 
00 00 00 00 00 00 00 00 00 00 00 00 00 00 00 00 
00 00 00 00 00 00 00 00 00 00 00 00 00 00 
--
a packet from host to guest, length 590
b0 c4 20 00 00 01 b0 c4 20 00 00 02 08 00 45 00 
02 40 00 01 00 00 07 11 e7 03 c0 a8 0a 01 ff ff 
ff ff 00 43 00 44 02 2c bd 8a 02 01 06 00 20 01 
51 88 00 00 00 00 00 00 00 00 c0 a8 0a 02 c0 a8 
0a 01 00 00 00 00 b0 c4 20 00 00 01 00 00 00 00 
00 00 00 00 00 00 76 6e 65 74 00 00 00 00 00 00 
00 00 00 00 00 00 00 00 00 00 00 00 00 00 00 00 
00 00 00 00 00 00 00 00 00 00 00 00 00 00 00 00 
00 00 00 00 00 00 00 00 00 00 00 00 00 00 00 00 
00 00 00 00 00 00 70 78 65 6c 69 6e 75 78 2e 30 
00 00 00 00 00 00 00 00 00 00 00 00 00 00 00 00 
00 00 00 00 00 00 00 00 00 00 00 00 00 00 00 00 
00 00 00 00 00 00 00 00 00 00 00 00 00 00 00 00 
00 00 00 00 00 00 00 00 00 00 00 00 00 00 00 00 
00 00 00 00 00 00 00 00 00 00 00 00 00 00 00 00 
00 00 00 00 00 00 00 00 00 00 00 00 00 00 00 00 
00 00 00 00 00 00 00 00 00 00 00 00 00 00 00 00 
00 00 00 00 00 00 63 82 53 63 35 01 02 01 04 ff 
ff ff 00 03 04 c0 a8 0a 01 33 04 00 00 70 80 36 
04 c0 a8 0a 01 ff 00 00 00 00 00 00 00 00 00 00 
00 00 00 00 00 00 00 00 00 00 00 00 00 00 00 00 
00 00 00 00 00 00 00 00 00 00 00 00 00 00 00 00 
00 00 00 00 00 00 00 00 00 00 00 00 00 00 00 00 
00 00 00 00 00 00 00 00 00 00 00 00 00 00 00 00 
00 00 00 00 00 00 00 00 00 00 00 00 00 00 00 00 
00 00 00 00 00 00 00 00 00 00 00 00 00 00 00 00 
00 00 00 00 00 00 00 00 00 00 00 00 00 00 00 00 
00 00 00 00 00 00 00 00 00 00 00 00 00 00 00 00 
00 00 00 00 00 00 00 00 00 00 00 00 00 00 00 00 
00 00 00 00 00 00 00 00 00 00 00 00 00 00 00 00 
00 00 00 00 00 00 00 00 00 00 00 00 00 00 00 00 
00 00 00 00 00 00 00 00 00 00 00 00 00 00 00 00 
00 00 00 00 00 00 00 00 00 00 00 00 00 00 00 00 
00 00 00 00 00 00 00 00 00 00 00 00 00 00 00 00 
00 00 00 00 00 00 00 00 00 00 00 00 00 00 00 00 
00 00 00 00 00 00 00 00 00 00 00 00 00 00 00 00 
00 00 00 00 00 00 00 00 00 00 00 00 00 00 
--
a packet from guest to host, length 590
ff ff ff ff ff ff b0 c4 20 00 00 01 08 00 45 00 
02 40 00 00 00 00 3c 11 b2 03 c0 a8 0a 02 ff ff 
ff ff 00 44 00 43 02 2c 26 2e 01 01 06 00 20 01 
51 88 00 00 00 00 00 00 00 00 00 00 00 00 00 00 
00 00 00 00 00 00 b0 c4 20 00 00 01 00 00 00 00 
00 00 00 00 00 00 00 00 00 00 00 00 00 00 00 00 
00 00 00 00 00 00 00 00 00 00 00 00 00 00 00 00 
00 00 00 00 00 00 00 00 00 00 00 00 00 00 00 00 
00 00 00 00 00 00 00 00 00 00 00 00 00 00 00 00 
00 00 00 00 00 00 00 00 00 00 00 00 00 00 00 00 
00 00 00 00 00 00 00 00 00 00 00 00 00 00 00 00 
00 00 00 00 00 00 00 00 00 00 00 00 00 00 00 00 
00 00 00 00 00 00 00 00 00 00 00 00 00 00 00 00 
00 00 00 00 00 00 00 00 00 00 00 00 00 00 00 00 
00 00 00 00 00 00 00 00 00 00 00 00 00 00 00 00 
00 00 00 00 00 00 00 00 00 00 00 00 00 00 00 00 
00 00 00 00 00 00 00 00 00 00 00 00 00 00 00 00 
00 00 00 00 00 00 63 82 53 63 35 01 03 36 04 c0 
a8 0a 01 32 04 c0 a8 0a 02 39 02 05 c0 37 06 01 
03 0c 12 80 96 ff 00 00 00 00 00 00 00 00 00 00 
00 00 00 00 00 00 00 00 00 00 00 00 00 00 00 00 
00 00 00 00 00 00 00 00 00 00 00 00 00 00 00 00 
00 00 00 00 00 00 00 00 00 00 00 00 00 00 00 00 
00 00 00 00 00 00 00 00 00 00 00 00 00 00 00 00 
00 00 00 00 00 00 00 00 00 00 00 00 00 00 00 00 
00 00 00 00 00 00 00 00 00 00 00 00 00 00 00 00 
00 00 00 00 00 00 00 00 00 00 00 00 00 00 00 00 
00 00 00 00 00 00 00 00 00 00 00 00 00 00 00 00 
00 00 00 00 00 00 00 00 00 00 00 00 00 00 00 00 
00 00 00 00 00 00 00 00 00 00 00 00 00 00 00 00 
00 00 00 00 00 00 00 00 00 00 00 00 00 00 00 00 
00 00 00 00 00 00 00 00 00 00 00 00 00 00 00 00 
00 00 00 00 00 00 00 00 00 00 00 00 00 00 00 00 
00 00 00 00 00 00 00 00 00 00 00 00 00 00 00 00 
00 00 00 00 00 00 00 00 00 00 00 00 00 00 00 00 
00 00 00 00 00 00 00 00 00 00 00 00 00 00 00 00 
00 00 00 00 00 00 00 00 00 00 00 00 00 00 
--
a packet from host to guest, length 590
b0 c4 20 00 00 01 b0 c4 20 00 00 02 08 00 45 00 
02 40 00 01 00 00 07 11 1c 59 c0 a8 0a 01 c0 a8 
0a 02 00 43 00 44 02 2c 9d e0 02 01 06 00 20 01 
51 88 00 00 00 00 00 00 00 00 c0 a8 0a 02 c0 a8 
0a 01 00 00 00 00 b0 c4 20 00 00 01 00 00 00 00 
00 00 00 00 00 00 76 6e 65 74 00 00 00 00 00 00 
00 00 00 00 00 00 00 00 00 00 00 00 00 00 00 00 
00 00 00 00 00 00 00 00 00 00 00 00 00 00 00 00 
00 00 00 00 00 00 00 00 00 00 00 00 00 00 00 00 
00 00 00 00 00 00 70 78 65 6c 69 6e 75 78 2e 30 
00 00 00 00 00 00 00 00 00 00 00 00 00 00 00 00 
00 00 00 00 00 00 00 00 00 00 00 00 00 00 00 00 
00 00 00 00 00 00 00 00 00 00 00 00 00 00 00 00 
00 00 00 00 00 00 00 00 00 00 00 00 00 00 00 00 
00 00 00 00 00 00 00 00 00 00 00 00 00 00 00 00 
00 00 00 00 00 00 00 00 00 00 00 00 00 00 00 00 
00 00 00 00 00 00 00 00 00 00 00 00 00 00 00 00 
00 00 00 00 00 00 63 82 53 63 35 01 05 01 04 ff 
ff ff 00 03 04 c0 a8 0a 01 33 04 00 00 70 80 ff 
00 00 00 00 00 00 00 00 00 00 00 00 00 00 00 00 
00 00 00 00 00 00 00 00 00 00 00 00 00 00 00 00 
00 00 00 00 00 00 00 00 00 00 00 00 00 00 00 00 
00 00 00 00 00 00 00 00 00 00 00 00 00 00 00 00 
00 00 00 00 00 00 00 00 00 00 00 00 00 00 00 00 
00 00 00 00 00 00 00 00 00 00 00 00 00 00 00 00 
00 00 00 00 00 00 00 00 00 00 00 00 00 00 00 00 
00 00 00 00 00 00 00 00 00 00 00 00 00 00 00 00 
00 00 00 00 00 00 00 00 00 00 00 00 00 00 00 00 
00 00 00 00 00 00 00 00 00 00 00 00 00 00 00 00 
00 00 00 00 00 00 00 00 00 00 00 00 00 00 00 00 
00 00 00 00 00 00 00 00 00 00 00 00 00 00 00 00 
00 00 00 00 00 00 00 00 00 00 00 00 00 00 00 00 
00 00 00 00 00 00 00 00 00 00 00 00 00 00 00 00 
00 00 00 00 00 00 00 00 00 00 00 00 00 00 00 00 
00 00 00 00 00 00 00 00 00 00 00 00 00 00 00 00 
00 00 00 00 00 00 00 00 00 00 00 00 00 00 00 00 
00 00 00 00 00 00 00 00 00 00 00 00 00 00 
--
a packet from guest to host, length 60
ff ff ff ff ff ff b0 c4 20 00 00 01 08 06 00 01 
08 00 06 04 00 01 b0 c4 20 00 00 01 c0 a8 0a 02 
00 00 00 00 00 00 c0 a8 0a 01 01 01 06 00 20 01 
51 88 00 00 00 00 00 00 00 00 00 00 
--
a packet from host to guest, length 60
b0 c4 20 00 00 01 b0 c4 20 00 00 02 08 06 00 01 
08 00 06 04 00 02 b0 c4 20 00 00 02 c0 a8 0a 01 
b0 c4 20 00 00 01 c0 a8 0a 02 00 00 00 00 00 00 
00 00 00 00 00 00 00 00 00 00 00 00 
--
a packet from guest to host, length 87
b0 c4 20 00 00 02 b0 c4 20 00 00 01 08 00 45 00 
00 49 00 00 00 00 3c 11 e9 50 c0 a8 0a 02 c0 a8 
0a 01 07 d1 00 45 00 35 5d c0 00 01 2f 49 4f 53 
2e 4b 65 72 6e 65 6c 2e 69 6d 67 00 6f 63 74 65 
74 00 62 6c 6b 73 69 7a 65 00 31 34 33 32 00 74 
73 69 7a 65 00 30 00 
--
a packet from host to guest, length 68
b0 c4 20 00 00 01 b0 c4 20 00 00 02 08 00 45 00 
00 36 00 01 00 00 07 11 1e 63 c0 a8 0a 01 c0 a8 
0a 02 00 45 07 d1 00 22 85 5b 00 06 74 73 69 7a 
65 00 31 30 32 34 33 00 62 6c 6b 73 69 7a 65 00 
35 31 32 00 
--
a packet from guest to host, length 60
b0 c4 20 00 00 02 b0 c4 20 00 00 01 08 00 45 00 
00 20 00 00 00 00 3c 11 e9 79 c0 a8 0a 02 c0 a8 
0a 01 07 d1 00 45 00 0c 62 68 00 04 00 00 4f 53 
2e 4b 65 72 6e 65 6c 2e 69 6d 67 00 
--
a packet from host to guest, length 558
b0 c4 20 00 00 01 b0 c4 20 00 00 02 08 00 45 00 
02 20 00 01 00 00 07 11 1c 79 c0 a8 0a 01 c0 a8 
0a 02 00 45 07 d1 02 0c 0c 12 00 03 00 01 7f 45 
4c 46 01 01 01 00 00 00 00 00 00 00 00 00 02 00 
03 00 01 00 00 00 68 12 20 00 34 00 00 00 18 23 
00 00 00 00 00 00 34 00 20 00 01 00 28 00 0a 00 
07 00 01 00 00 00 00 10 00 00 00 00 20 00 00 00 
20 00 c4 12 00 00 10 60 00 00 07 00 00 00 00 10 
00 00 00 00 00 00 00 00 00 00 00 00 00 00 00 00 
00 00 00 00 00 00 00 00 00 00 00 00 00 00 00 00 
00 00 00 00 00 00 00 00 00 00 00 00 00 00 00 00 
00 00 00 00 00 00 00 00 00 00 00 00 00 00 00 00 
00 00 00 00 00 00 00 00 00 00 00 00 00 00 00 00 
00 00 00 00 00 00 00 00 00 00 00 00 00 00 00 00 
00 00 00 00 00 00 00 00 00 00 00 00 00 00 00 00 
00 00 00 00 00 00 00 00 00 00 00 00 00 00 00 00 
00 00 00 00 00 00 00 00 00 00 00 00 00 00 00 00 
00 00 00 00 00 00 00 00 00 00 00 00 00 00 00 00 
00 00 00 00 00 00 00 00 00 00 00 00 00 00 00 00 
00 00 00 00 00 00 00 00 00 00 00 00 00 00 00 00 
00 00 00 00 00 00 00 00 00 00 00 00 00 00 00 00 
00 00 00 00 00 00 00 00 00 00 00 00 00 00 00 00 
00 00 00 00 00 00 00 00 00 00 00 00 00 00 00 00 
00 00 00 00 00 00 00 00 00 00 00 00 00 00 00 00 
00 00 00 00 00 00 00 00 00 00 00 00 00 00 00 00 
00 00 00 00 00 00 00 00 00 00 00 00 00 00 00 00 
00 00 00 00 00 00 00 00 00 00 00 00 00 00 00 00 
00 00 00 00 00 00 00 00 00 00 00 00 00 00 00 00 
00 00 00 00 00 00 00 00 00 00 00 00 00 00 00 00 
00 00 00 00 00 00 00 00 00 00 00 00 00 00 00 00 
00 00 00 00 00 00 00 00 00 00 00 00 00 00 00 00 
00 00 00 00 00 00 00 00 00 00 00 00 00 00 00 00 
00 00 00 00 00 00 00 00 00 00 00 00 00 00 00 00 
00 00 00 00 00 00 00 00 00 00 00 00 00 00 00 00 
00 00 00 00 00 00 00 00 00 00 00 00 00 00 
--
a packet from guest to host, length 60
b0 c4 20 00 00 02 b0 c4 20 00 00 01 08 00 45 00 
00 20 00 00 00 00 3c 11 e9 79 c0 a8 0a 02 c0 a8 
0a 01 07 d1 00 45 00 0c 62 67 00 04 00 01 4f 53 
2e 4b 65 72 6e 65 6c 2e 69 6d 67 00 
--
a packet from host to guest, length 558
b0 c4 20 00 00 01 b0 c4 20 00 00 02 08 00 45 00 
02 20 00 01 00 00 07 11 1c 79 c0 a8 0a 01 c0 a8 
0a 02 00 45 07 d1 02 0c 5e 67 00 03 00 02 00 00 
00 00 00 00 00 00 00 00 00 00 00 00 00 00 00 00 
00 00 00 00 00 00 00 00 00 00 00 00 00 00 00 00 
00 00 00 00 00 00 00 00 00 00 00 00 00 00 00 00 
00 00 00 00 00 00 00 00 00 00 00 00 00 00 00 00 
00 00 00 00 00 00 00 00 00 00 00 00 00 00 00 00 
00 00 00 00 00 00 00 00 00 00 00 00 00 00 00 00 
00 00 00 00 00 00 00 00 00 00 00 00 00 00 00 00 
00 00 00 00 00 00 00 00 00 00 00 00 00 00 00 00 
00 00 00 00 00 00 00 00 00 00 00 00 00 00 00 00 
00 00 00 00 00 00 00 00 00 00 00 00 00 00 00 00 
00 00 00 00 00 00 00 00 00 00 00 00 00 00 00 00 
00 00 00 00 00 00 00 00 00 00 00 00 00 00 00 00 
00 00 00 00 00 00 00 00 00 00 00 00 00 00 00 00 
00 00 00 00 00 00 00 00 00 00 00 00 00 00 00 00 
00 00 00 00 00 00 00 00 00 00 00 00 00 00 00 00 
00 00 00 00 00 00 00 00 00 00 00 00 00 00 00 00 
00 00 00 00 00 00 00 00 00 00 00 00 00 00 00 00 
00 00 00 00 00 00 00 00 00 00 00 00 00 00 00 00 
00 00 00 00 00 00 00 00 00 00 00 00 00 00 00 00 
00 00 00 00 00 00 00 00 00 00 00 00 00 00 00 00 
00 00 00 00 00 00 00 00 00 00 00 00 00 00 00 00 
00 00 00 00 00 00 00 00 00 00 00 00 00 00 00 00 
00 00 00 00 00 00 00 00 00 00 00 00 00 00 00 00 
00 00 00 00 00 00 00 00 00 00 00 00 00 00 00 00 
00 00 00 00 00 00 00 00 00 00 00 00 00 00 00 00 
00 00 00 00 00 00 00 00 00 00 00 00 00 00 00 00 
00 00 00 00 00 00 00 00 00 00 00 00 00 00 00 00 
00 00 00 00 00 00 00 00 00 00 00 00 00 00 00 00 
00 00 00 00 00 00 00 00 00 00 00 00 00 00 00 00 
00 00 00 00 00 00 00 00 00 00 00 00 00 00 00 00 
00 00 00 00 00 00 00 00 00 00 00 00 00 00 00 00 
00 00 00 00 00 00 00 00 00 00 00 00 00 00 
--
a packet from guest to host, length 60
b0 c4 20 00 00 02 b0 c4 20 00 00 01 08 00 45 00 
00 20 00 00 00 00 3c 11 e9 79 c0 a8 0a 02 c0 a8 
0a 01 07 d1 00 45 00 0c 62 66 00 04 00 02 4f 53 
2e 4b 65 72 6e 65 6c 2e 69 6d 67 00 
--
a packet from host to guest, length 558
b0 c4 20 00 00 01 b0 c4 20 00 00 02 08 00 45 00 
02 20 00 01 00 00 07 11 1c 79 c0 a8 0a 01 c0 a8 
0a 02 00 45 07 d1 02 0c 5e 66 00 03 00 03 00 00 
00 00 00 00 00 00 00 00 00 00 00 00 00 00 00 00 
00 00 00 00 00 00 00 00 00 00 00 00 00 00 00 00 
00 00 00 00 00 00 00 00 00 00 00 00 00 00 00 00 
00 00 00 00 00 00 00 00 00 00 00 00 00 00 00 00 
00 00 00 00 00 00 00 00 00 00 00 00 00 00 00 00 
00 00 00 00 00 00 00 00 00 00 00 00 00 00 00 00 
00 00 00 00 00 00 00 00 00 00 00 00 00 00 00 00 
00 00 00 00 00 00 00 00 00 00 00 00 00 00 00 00 
00 00 00 00 00 00 00 00 00 00 00 00 00 00 00 00 
00 00 00 00 00 00 00 00 00 00 00 00 00 00 00 00 
00 00 00 00 00 00 00 00 00 00 00 00 00 00 00 00 
00 00 00 00 00 00 00 00 00 00 00 00 00 00 00 00 
00 00 00 00 00 00 00 00 00 00 00 00 00 00 00 00 
00 00 00 00 00 00 00 00 00 00 00 00 00 00 00 00 
00 00 00 00 00 00 00 00 00 00 00 00 00 00 00 00 
00 00 00 00 00 00 00 00 00 00 00 00 00 00 00 00 
00 00 00 00 00 00 00 00 00 00 00 00 00 00 00 00 
00 00 00 00 00 00 00 00 00 00 00 00 00 00 00 00 
00 00 00 00 00 00 00 00 00 00 00 00 00 00 00 00 
00 00 00 00 00 00 00 00 00 00 00 00 00 00 00 00 
00 00 00 00 00 00 00 00 00 00 00 00 00 00 00 00 
00 00 00 00 00 00 00 00 00 00 00 00 00 00 00 00 
00 00 00 00 00 00 00 00 00 00 00 00 00 00 00 00 
00 00 00 00 00 00 00 00 00 00 00 00 00 00 00 00 
00 00 00 00 00 00 00 00 00 00 00 00 00 00 00 00 
00 00 00 00 00 00 00 00 00 00 00 00 00 00 00 00 
00 00 00 00 00 00 00 00 00 00 00 00 00 00 00 00 
00 00 00 00 00 00 00 00 00 00 00 00 00 00 00 00 
00 00 00 00 00 00 00 00 00 00 00 00 00 00 00 00 
00 00 00 00 00 00 00 00 00 00 00 00 00 00 00 00 
00 00 00 00 00 00 00 00 00 00 00 00 00 00 00 00 
00 00 00 00 00 00 00 00 00 00 00 00 00 00 
--
a packet from guest to host, length 60
b0 c4 20 00 00 02 b0 c4 20 00 00 01 08 00 45 00 
00 20 00 00 00 00 3c 11 e9 79 c0 a8 0a 02 c0 a8 
0a 01 07 d1 00 45 00 0c 62 65 00 04 00 03 4f 53 
2e 4b 65 72 6e 65 6c 2e 69 6d 67 00 
--
a packet from host to guest, length 558
b0 c4 20 00 00 01 b0 c4 20 00 00 02 08 00 45 00 
02 20 00 01 00 00 07 11 1c 79 c0 a8 0a 01 c0 a8 
0a 02 00 45 07 d1 02 0c 5e 65 00 03 00 04 00 00 
00 00 00 00 00 00 00 00 00 00 00 00 00 00 00 00 
00 00 00 00 00 00 00 00 00 00 00 00 00 00 00 00 
00 00 00 00 00 00 00 00 00 00 00 00 00 00 00 00 
00 00 00 00 00 00 00 00 00 00 00 00 00 00 00 00 
00 00 00 00 00 00 00 00 00 00 00 00 00 00 00 00 
00 00 00 00 00 00 00 00 00 00 00 00 00 00 00 00 
00 00 00 00 00 00 00 00 00 00 00 00 00 00 00 00 
00 00 00 00 00 00 00 00 00 00 00 00 00 00 00 00 
00 00 00 00 00 00 00 00 00 00 00 00 00 00 00 00 
00 00 00 00 00 00 00 00 00 00 00 00 00 00 00 00 
00 00 00 00 00 00 00 00 00 00 00 00 00 00 00 00 
00 00 00 00 00 00 00 00 00 00 00 00 00 00 00 00 
00 00 00 00 00 00 00 00 00 00 00 00 00 00 00 00 
00 00 00 00 00 00 00 00 00 00 00 00 00 00 00 00 
00 00 00 00 00 00 00 00 00 00 00 00 00 00 00 00 
00 00 00 00 00 00 00 00 00 00 00 00 00 00 00 00 
00 00 00 00 00 00 00 00 00 00 00 00 00 00 00 00 
00 00 00 00 00 00 00 00 00 00 00 00 00 00 00 00 
00 00 00 00 00 00 00 00 00 00 00 00 00 00 00 00 
00 00 00 00 00 00 00 00 00 00 00 00 00 00 00 00 
00 00 00 00 00 00 00 00 00 00 00 00 00 00 00 00 
00 00 00 00 00 00 00 00 00 00 00 00 00 00 00 00 
00 00 00 00 00 00 00 00 00 00 00 00 00 00 00 00 
00 00 00 00 00 00 00 00 00 00 00 00 00 00 00 00 
00 00 00 00 00 00 00 00 00 00 00 00 00 00 00 00 
00 00 00 00 00 00 00 00 00 00 00 00 00 00 00 00 
00 00 00 00 00 00 00 00 00 00 00 00 00 00 00 00 
00 00 00 00 00 00 00 00 00 00 00 00 00 00 00 00 
00 00 00 00 00 00 00 00 00 00 00 00 00 00 00 00 
00 00 00 00 00 00 00 00 00 00 00 00 00 00 00 00 
00 00 00 00 00 00 00 00 00 00 00 00 00 00 00 00 
00 00 00 00 00 00 00 00 00 00 00 00 00 00 
--
a packet from guest to host, length 60
b0 c4 20 00 00 02 b0 c4 20 00 00 01 08 00 45 00 
00 20 00 00 00 00 3c 11 e9 79 c0 a8 0a 02 c0 a8 
0a 01 07 d1 00 45 00 0c 62 64 00 04 00 04 4f 53 
2e 4b 65 72 6e 65 6c 2e 69 6d 67 00 
--
a packet from host to guest, length 558
b0 c4 20 00 00 01 b0 c4 20 00 00 02 08 00 45 00 
02 20 00 01 00 00 07 11 1c 79 c0 a8 0a 01 c0 a8 
0a 02 00 45 07 d1 02 0c 5e 64 00 03 00 05 00 00 
00 00 00 00 00 00 00 00 00 00 00 00 00 00 00 00 
00 00 00 00 00 00 00 00 00 00 00 00 00 00 00 00 
00 00 00 00 00 00 00 00 00 00 00 00 00 00 00 00 
00 00 00 00 00 00 00 00 00 00 00 00 00 00 00 00 
00 00 00 00 00 00 00 00 00 00 00 00 00 00 00 00 
00 00 00 00 00 00 00 00 00 00 00 00 00 00 00 00 
00 00 00 00 00 00 00 00 00 00 00 00 00 00 00 00 
00 00 00 00 00 00 00 00 00 00 00 00 00 00 00 00 
00 00 00 00 00 00 00 00 00 00 00 00 00 00 00 00 
00 00 00 00 00 00 00 00 00 00 00 00 00 00 00 00 
00 00 00 00 00 00 00 00 00 00 00 00 00 00 00 00 
00 00 00 00 00 00 00 00 00 00 00 00 00 00 00 00 
00 00 00 00 00 00 00 00 00 00 00 00 00 00 00 00 
00 00 00 00 00 00 00 00 00 00 00 00 00 00 00 00 
00 00 00 00 00 00 00 00 00 00 00 00 00 00 00 00 
00 00 00 00 00 00 00 00 00 00 00 00 00 00 00 00 
00 00 00 00 00 00 00 00 00 00 00 00 00 00 00 00 
00 00 00 00 00 00 00 00 00 00 00 00 00 00 00 00 
00 00 00 00 00 00 00 00 00 00 00 00 00 00 00 00 
00 00 00 00 00 00 00 00 00 00 00 00 00 00 00 00 
00 00 00 00 00 00 00 00 00 00 00 00 00 00 00 00 
00 00 00 00 00 00 00 00 00 00 00 00 00 00 00 00 
00 00 00 00 00 00 00 00 00 00 00 00 00 00 00 00 
00 00 00 00 00 00 00 00 00 00 00 00 00 00 00 00 
00 00 00 00 00 00 00 00 00 00 00 00 00 00 00 00 
00 00 00 00 00 00 00 00 00 00 00 00 00 00 00 00 
00 00 00 00 00 00 00 00 00 00 00 00 00 00 00 00 
00 00 00 00 00 00 00 00 00 00 00 00 00 00 00 00 
00 00 00 00 00 00 00 00 00 00 00 00 00 00 00 00 
00 00 00 00 00 00 00 00 00 00 00 00 00 00 00 00 
00 00 00 00 00 00 00 00 00 00 00 00 00 00 00 00 
00 00 00 00 00 00 00 00 00 00 00 00 00 00 
--
a packet from guest to host, length 60
b0 c4 20 00 00 02 b0 c4 20 00 00 01 08 00 45 00 
00 20 00 00 00 00 3c 11 e9 79 c0 a8 0a 02 c0 a8 
0a 01 07 d1 00 45 00 0c 62 63 00 04 00 05 4f 53 
2e 4b 65 72 6e 65 6c 2e 69 6d 67 00 
--
a packet from host to guest, length 558
b0 c4 20 00 00 01 b0 c4 20 00 00 02 08 00 45 00 
02 20 00 01 00 00 07 11 1c 79 c0 a8 0a 01 c0 a8 
0a 02 00 45 07 d1 02 0c 5e 63 00 03 00 06 00 00 
00 00 00 00 00 00 00 00 00 00 00 00 00 00 00 00 
00 00 00 00 00 00 00 00 00 00 00 00 00 00 00 00 
00 00 00 00 00 00 00 00 00 00 00 00 00 00 00 00 
00 00 00 00 00 00 00 00 00 00 00 00 00 00 00 00 
00 00 00 00 00 00 00 00 00 00 00 00 00 00 00 00 
00 00 00 00 00 00 00 00 00 00 00 00 00 00 00 00 
00 00 00 00 00 00 00 00 00 00 00 00 00 00 00 00 
00 00 00 00 00 00 00 00 00 00 00 00 00 00 00 00 
00 00 00 00 00 00 00 00 00 00 00 00 00 00 00 00 
00 00 00 00 00 00 00 00 00 00 00 00 00 00 00 00 
00 00 00 00 00 00 00 00 00 00 00 00 00 00 00 00 
00 00 00 00 00 00 00 00 00 00 00 00 00 00 00 00 
00 00 00 00 00 00 00 00 00 00 00 00 00 00 00 00 
00 00 00 00 00 00 00 00 00 00 00 00 00 00 00 00 
00 00 00 00 00 00 00 00 00 00 00 00 00 00 00 00 
00 00 00 00 00 00 00 00 00 00 00 00 00 00 00 00 
00 00 00 00 00 00 00 00 00 00 00 00 00 00 00 00 
00 00 00 00 00 00 00 00 00 00 00 00 00 00 00 00 
00 00 00 00 00 00 00 00 00 00 00 00 00 00 00 00 
00 00 00 00 00 00 00 00 00 00 00 00 00 00 00 00 
00 00 00 00 00 00 00 00 00 00 00 00 00 00 00 00 
00 00 00 00 00 00 00 00 00 00 00 00 00 00 00 00 
00 00 00 00 00 00 00 00 00 00 00 00 00 00 00 00 
00 00 00 00 00 00 00 00 00 00 00 00 00 00 00 00 
00 00 00 00 00 00 00 00 00 00 00 00 00 00 00 00 
00 00 00 00 00 00 00 00 00 00 00 00 00 00 00 00 
00 00 00 00 00 00 00 00 00 00 00 00 00 00 00 00 
00 00 00 00 00 00 00 00 00 00 00 00 00 00 00 00 
00 00 00 00 00 00 00 00 00 00 00 00 00 00 00 00 
00 00 00 00 00 00 00 00 00 00 00 00 00 00 00 00 
00 00 00 00 00 00 00 00 00 00 00 00 00 00 00 00 
00 00 00 00 00 00 00 00 00 00 00 00 00 00 
--
a packet from guest to host, length 60
b0 c4 20 00 00 02 b0 c4 20 00 00 01 08 00 45 00 
00 20 00 00 00 00 3c 11 e9 79 c0 a8 0a 02 c0 a8 
0a 01 07 d1 00 45 00 0c 62 62 00 04 00 06 4f 53 
2e 4b 65 72 6e 65 6c 2e 69 6d 67 00 
--
a packet from host to guest, length 558
b0 c4 20 00 00 01 b0 c4 20 00 00 02 08 00 45 00 
02 20 00 01 00 00 07 11 1c 79 c0 a8 0a 01 c0 a8 
0a 02 00 45 07 d1 02 0c 5e 62 00 03 00 07 00 00 
00 00 00 00 00 00 00 00 00 00 00 00 00 00 00 00 
00 00 00 00 00 00 00 00 00 00 00 00 00 00 00 00 
00 00 00 00 00 00 00 00 00 00 00 00 00 00 00 00 
00 00 00 00 00 00 00 00 00 00 00 00 00 00 00 00 
00 00 00 00 00 00 00 00 00 00 00 00 00 00 00 00 
00 00 00 00 00 00 00 00 00 00 00 00 00 00 00 00 
00 00 00 00 00 00 00 00 00 00 00 00 00 00 00 00 
00 00 00 00 00 00 00 00 00 00 00 00 00 00 00 00 
00 00 00 00 00 00 00 00 00 00 00 00 00 00 00 00 
00 00 00 00 00 00 00 00 00 00 00 00 00 00 00 00 
00 00 00 00 00 00 00 00 00 00 00 00 00 00 00 00 
00 00 00 00 00 00 00 00 00 00 00 00 00 00 00 00 
00 00 00 00 00 00 00 00 00 00 00 00 00 00 00 00 
00 00 00 00 00 00 00 00 00 00 00 00 00 00 00 00 
00 00 00 00 00 00 00 00 00 00 00 00 00 00 00 00 
00 00 00 00 00 00 00 00 00 00 00 00 00 00 00 00 
00 00 00 00 00 00 00 00 00 00 00 00 00 00 00 00 
00 00 00 00 00 00 00 00 00 00 00 00 00 00 00 00 
00 00 00 00 00 00 00 00 00 00 00 00 00 00 00 00 
00 00 00 00 00 00 00 00 00 00 00 00 00 00 00 00 
00 00 00 00 00 00 00 00 00 00 00 00 00 00 00 00 
00 00 00 00 00 00 00 00 00 00 00 00 00 00 00 00 
00 00 00 00 00 00 00 00 00 00 00 00 00 00 00 00 
00 00 00 00 00 00 00 00 00 00 00 00 00 00 00 00 
00 00 00 00 00 00 00 00 00 00 00 00 00 00 00 00 
00 00 00 00 00 00 00 00 00 00 00 00 00 00 00 00 
00 00 00 00 00 00 00 00 00 00 00 00 00 00 00 00 
00 00 00 00 00 00 00 00 00 00 00 00 00 00 00 00 
00 00 00 00 00 00 00 00 00 00 00 00 00 00 00 00 
00 00 00 00 00 00 00 00 00 00 00 00 00 00 00 00 
00 00 00 00 00 00 00 00 00 00 00 00 00 00 00 00 
00 00 00 00 00 00 00 00 00 00 00 00 00 00 
--
a packet from guest to host, length 60
b0 c4 20 00 00 02 b0 c4 20 00 00 01 08 00 45 00 
00 20 00 00 00 00 3c 11 e9 79 c0 a8 0a 02 c0 a8 
0a 01 07 d1 00 45 00 0c 62 61 00 04 00 07 4f 53 
2e 4b 65 72 6e 65 6c 2e 69 6d 67 00 
--
a packet from host to guest, length 558
b0 c4 20 00 00 01 b0 c4 20 00 00 02 08 00 45 00 
02 20 00 01 00 00 07 11 1c 79 c0 a8 0a 01 c0 a8 
0a 02 00 45 07 d1 02 0c 5e 61 00 03 00 08 00 00 
00 00 00 00 00 00 00 00 00 00 00 00 00 00 00 00 
00 00 00 00 00 00 00 00 00 00 00 00 00 00 00 00 
00 00 00 00 00 00 00 00 00 00 00 00 00 00 00 00 
00 00 00 00 00 00 00 00 00 00 00 00 00 00 00 00 
00 00 00 00 00 00 00 00 00 00 00 00 00 00 00 00 
00 00 00 00 00 00 00 00 00 00 00 00 00 00 00 00 
00 00 00 00 00 00 00 00 00 00 00 00 00 00 00 00 
00 00 00 00 00 00 00 00 00 00 00 00 00 00 00 00 
00 00 00 00 00 00 00 00 00 00 00 00 00 00 00 00 
00 00 00 00 00 00 00 00 00 00 00 00 00 00 00 00 
00 00 00 00 00 00 00 00 00 00 00 00 00 00 00 00 
00 00 00 00 00 00 00 00 00 00 00 00 00 00 00 00 
00 00 00 00 00 00 00 00 00 00 00 00 00 00 00 00 
00 00 00 00 00 00 00 00 00 00 00 00 00 00 00 00 
00 00 00 00 00 00 00 00 00 00 00 00 00 00 00 00 
00 00 00 00 00 00 00 00 00 00 00 00 00 00 00 00 
00 00 00 00 00 00 00 00 00 00 00 00 00 00 00 00 
00 00 00 00 00 00 00 00 00 00 00 00 00 00 00 00 
00 00 00 00 00 00 00 00 00 00 00 00 00 00 00 00 
00 00 00 00 00 00 00 00 00 00 00 00 00 00 00 00 
00 00 00 00 00 00 00 00 00 00 00 00 00 00 00 00 
00 00 00 00 00 00 00 00 00 00 00 00 00 00 00 00 
00 00 00 00 00 00 00 00 00 00 00 00 00 00 00 00 
00 00 00 00 00 00 00 00 00 00 00 00 00 00 00 00 
00 00 00 00 00 00 00 00 00 00 00 00 00 00 00 00 
00 00 00 00 00 00 00 00 00 00 00 00 00 00 00 00 
00 00 00 00 00 00 00 00 00 00 00 00 00 00 00 00 
00 00 00 00 00 00 00 00 00 00 00 00 00 00 00 00 
00 00 00 00 00 00 00 00 00 00 00 00 00 00 00 00 
00 00 00 00 00 00 00 00 00 00 00 00 00 00 00 00 
00 00 00 00 00 00 00 00 00 00 00 00 00 00 00 00 
00 00 00 00 00 00 00 00 00 00 00 00 00 00 
--
a packet from guest to host, length 60
b0 c4 20 00 00 02 b0 c4 20 00 00 01 08 00 45 00 
00 20 00 00 00 00 3c 11 e9 79 c0 a8 0a 02 c0 a8 
0a 01 07 d1 00 45 00 0c 62 60 00 04 00 08 4f 53 
2e 4b 65 72 6e 65 6c 2e 69 6d 67 00 
--
a packet from host to guest, length 558
b0 c4 20 00 00 01 b0 c4 20 00 00 02 08 00 45 00 
02 20 00 01 00 00 07 11 1c 79 c0 a8 0a 01 c0 a8 
0a 02 00 45 07 d1 02 0c 7e 71 00 03 00 09 02 b0 
ad 1b 03 00 01 00 fb 4f 51 e4 00 00 20 00 00 10 
20 00 c4 12 20 00 10 60 20 00 68 12 20 00 00 00 
00 00 14 00 00 00 00 00 00 00 01 7a 52 00 01 7c 
08 01 1b 0c 04 04 88 01 00 00 40 00 00 00 1c 00 
00 00 bc 0f 00 00 83 00 00 00 00 41 0e 08 85 02 
41 0e 0c 87 03 41 0e 10 86 04 41 0e 14 83 05 41 
0e 18 45 0e 1c 41 0e 18 02 73 0e 14 41 0e 10 c3 
41 0e 0c c6 41 0e 08 c7 41 0e 04 c5 00 00 44 00 
00 00 60 00 00 00 fc 0f 00 00 69 00 00 00 00 41 
0e 08 85 02 41 0e 0c 87 03 41 0e 10 86 04 41 0e 
14 83 05 41 0e 18 45 0e 1c 41 0e 18 02 49 0a 0e 
14 41 0e 10 c3 41 0e 0c c6 41 0e 08 c7 41 0e 04 
c5 44 0b 00 00 00 4c 00 00 00 a8 00 00 00 20 10 
00 00 ae 00 00 00 00 41 0e 08 86 02 41 0e 0c 83 
03 43 0e 14 45 0e 18 41 0e 14 76 0a 0e 0c 41 0e 
08 c3 41 0e 04 c6 41 0b 55 0a 0e 0c 41 0e 08 c3 
41 0e 04 c6 45 0b 60 0a 0e 0c 41 c3 0e 08 41 c6 
0e 04 46 0b 00 00 10 00 00 00 f8 00 00 00 80 10 
00 00 2a 00 00 00 00 00 00 00 10 00 00 00 0c 01 
00 00 98 10 00 00 0f 00 00 00 00 00 00 00 18 00 
00 00 20 01 00 00 94 10 00 00 22 00 00 00 00 41 
0e 08 86 02 60 0e 04 c6 00 00 10 00 00 00 3c 01 
00 00 9c 10 00 00 0f 00 00 00 00 00 00 00 18 00 
00 00 50 01 00 00 98 10 00 00 22 00 00 00 00 41 
0e 08 86 02 60 0e 04 c6 00 00 10 00 00 00 6c 01 
00 00 a0 10 00 00 0f 00 00 00 00 00 00 00 18 00 
00 00 80 01 00 00 9c 10 00 00 22 00 00 00 00 41 
0e 08 86 02 60 0e 04 c6 00 00 1c 00 00 00 9c 01 
00 00 b8 10 00 00 3c 00 00 00 00 41 0e 08 85 02 
42 0d 05 4e 83 04 86 03 00 00 48 65 6c 6c 6f 20 
77 6f 72 6c 64 21 00 00 00 00 00 00 00 00 00 00 
00 00 00 00 00 00 00 00 00 00 00 00 00 00 
--
a packet from guest to host, length 60
b0 c4 20 00 00 02 b0 c4 20 00 00 01 08 00 45 00 
00 20 00 00 00 00 3c 11 e9 79 c0 a8 0a 02 c0 a8 
0a 01 07 d1 00 45 00 0c 62 5f 00 04 00 09 4f 53 
2e 4b 65 72 6e 65 6c 2e 69 6d 67 00 
--
a packet from host to guest, length 558
b0 c4 20 00 00 01 b0 c4 20 00 00 02 08 00 45 00 
02 20 00 01 00 00 07 11 1c 79 c0 a8 0a 01 c0 a8 
0a 02 00 45 07 d1 02 0c 5e 5f 00 03 00 0a 00 00 
00 00 00 00 00 00 00 00 00 00 00 00 00 00 00 00 
00 00 00 00 00 00 00 00 00 00 00 00 00 00 00 00 
00 00 00 00 00 00 00 00 00 00 00 00 00 00 00 00 
00 00 00 00 00 00 00 00 00 00 00 00 00 00 00 00 
00 00 00 00 00 00 00 00 00 00 00 00 00 00 00 00 
00 00 00 00 00 00 00 00 00 00 00 00 00 00 00 00 
00 00 00 00 00 00 00 00 00 00 00 00 00 00 00 00 
00 00 00 00 00 00 00 00 00 00 00 00 00 00 00 00 
00 00 00 00 00 00 00 00 00 00 00 00 00 00 00 00 
00 00 00 00 00 00 00 00 00 00 00 00 00 00 00 00 
00 00 00 00 00 00 00 00 00 00 00 00 00 00 00 00 
00 00 00 00 00 00 00 00 00 00 00 00 00 00 00 00 
00 00 00 00 00 00 00 00 00 00 00 00 00 00 00 00 
00 00 00 00 00 00 00 00 00 00 00 00 00 00 00 00 
00 00 00 00 00 00 00 00 00 00 00 00 00 00 00 00 
00 00 00 00 00 00 00 00 00 00 00 00 00 00 00 00 
00 00 00 00 00 00 00 00 00 00 00 00 00 00 00 00 
00 00 00 00 00 00 00 00 00 00 00 00 00 00 00 00 
00 00 00 00 00 00 00 00 00 00 00 00 00 00 00 00 
00 00 00 00 00 00 00 00 00 00 00 00 00 00 00 00 
00 00 00 00 00 00 00 00 00 00 00 00 00 00 00 00 
00 00 00 00 00 00 00 00 00 00 00 00 00 00 00 00 
00 00 00 00 00 00 00 00 00 00 00 00 00 00 00 00 
00 00 00 00 00 00 00 00 00 00 00 00 00 00 00 00 
00 00 00 00 00 00 00 00 00 00 00 00 00 00 00 00 
00 00 00 00 00 00 00 00 00 00 00 00 00 00 00 00 
00 00 00 00 00 00 00 00 00 00 00 00 00 00 00 00 
00 00 00 00 00 00 00 00 00 00 00 00 00 00 00 00 
00 00 00 00 00 00 00 00 00 00 00 00 00 00 00 00 
00 00 00 00 00 00 00 00 00 00 00 00 00 00 00 00 
00 00 00 00 00 00 00 00 00 00 00 00 00 00 00 00 
00 00 00 00 00 00 00 00 00 00 00 00 00 00 
--
a packet from guest to host, length 60
b0 c4 20 00 00 02 b0 c4 20 00 00 01 08 00 45 00 
00 20 00 00 00 00 3c 11 e9 79 c0 a8 0a 02 c0 a8 
0a 01 07 d1 00 45 00 0c 62 5e 00 04 00 0a 4f 53 
2e 4b 65 72 6e 65 6c 2e 69 6d 67 00 
--
a packet from host to guest, length 558
b0 c4 20 00 00 01 b0 c4 20 00 00 02 08 00 45 00 
02 20 00 01 00 00 07 11 1c 79 c0 a8 0a 01 c0 a8 
0a 02 00 45 07 d1 02 0c 5e 5e 00 03 00 0b 00 00 
00 00 00 00 00 00 00 00 00 00 00 00 00 00 00 00 
00 00 00 00 00 00 00 00 00 00 00 00 00 00 00 00 
00 00 00 00 00 00 00 00 00 00 00 00 00 00 00 00 
00 00 00 00 00 00 00 00 00 00 00 00 00 00 00 00 
00 00 00 00 00 00 00 00 00 00 00 00 00 00 00 00 
00 00 00 00 00 00 00 00 00 00 00 00 00 00 00 00 
00 00 00 00 00 00 00 00 00 00 00 00 00 00 00 00 
00 00 00 00 00 00 00 00 00 00 00 00 00 00 00 00 
00 00 00 00 00 00 00 00 00 00 00 00 00 00 00 00 
00 00 00 00 00 00 00 00 00 00 00 00 00 00 00 00 
00 00 00 00 00 00 00 00 00 00 00 00 00 00 00 00 
00 00 00 00 00 00 00 00 00 00 00 00 00 00 00 00 
00 00 00 00 00 00 00 00 00 00 00 00 00 00 00 00 
00 00 00 00 00 00 00 00 00 00 00 00 00 00 00 00 
00 00 00 00 00 00 00 00 00 00 00 00 00 00 00 00 
00 00 00 00 00 00 00 00 00 00 00 00 00 00 00 00 
00 00 00 00 00 00 00 00 00 00 00 00 00 00 00 00 
00 00 00 00 00 00 00 00 00 00 00 00 00 00 00 00 
00 00 00 00 00 00 00 00 00 00 00 00 00 00 00 00 
00 00 00 00 00 00 00 00 00 00 00 00 00 00 00 00 
00 00 00 00 00 00 00 00 00 00 00 00 00 00 00 00 
00 00 00 00 00 00 00 00 00 00 00 00 00 00 00 00 
00 00 00 00 00 00 00 00 00 00 00 00 00 00 00 00 
00 00 00 00 00 00 00 00 00 00 00 00 00 00 00 00 
00 00 00 00 00 00 00 00 00 00 00 00 00 00 00 00 
00 00 00 00 00 00 00 00 00 00 00 00 00 00 00 00 
00 00 00 00 00 00 00 00 00 00 00 00 00 00 00 00 
00 00 00 00 00 00 00 00 00 00 00 00 00 00 00 00 
00 00 00 00 00 00 00 00 00 00 00 00 00 00 00 00 
00 00 00 00 00 00 00 00 00 00 00 00 00 00 00 00 
00 00 00 00 00 00 00 00 00 00 00 00 00 00 00 00 
00 00 00 00 00 00 00 00 00 00 00 00 00 00 
--
a packet from guest to host, length 60
b0 c4 20 00 00 02 b0 c4 20 00 00 01 08 00 45 00 
00 20 00 00 00 00 3c 11 e9 79 c0 a8 0a 02 c0 a8 
0a 01 07 d1 00 45 00 0c 62 5d 00 04 00 0b 4f 53 
2e 4b 65 72 6e 65 6c 2e 69 6d 67 00 
--
a packet from host to guest, length 558
b0 c4 20 00 00 01 b0 c4 20 00 00 02 08 00 45 00 
02 20 00 01 00 00 07 11 1c 79 c0 a8 0a 01 c0 a8 
0a 02 00 45 07 d1 02 0c 5e 5d 00 03 00 0c 00 00 
00 00 00 00 00 00 00 00 00 00 00 00 00 00 00 00 
00 00 00 00 00 00 00 00 00 00 00 00 00 00 00 00 
00 00 00 00 00 00 00 00 00 00 00 00 00 00 00 00 
00 00 00 00 00 00 00 00 00 00 00 00 00 00 00 00 
00 00 00 00 00 00 00 00 00 00 00 00 00 00 00 00 
00 00 00 00 00 00 00 00 00 00 00 00 00 00 00 00 
00 00 00 00 00 00 00 00 00 00 00 00 00 00 00 00 
00 00 00 00 00 00 00 00 00 00 00 00 00 00 00 00 
00 00 00 00 00 00 00 00 00 00 00 00 00 00 00 00 
00 00 00 00 00 00 00 00 00 00 00 00 00 00 00 00 
00 00 00 00 00 00 00 00 00 00 00 00 00 00 00 00 
00 00 00 00 00 00 00 00 00 00 00 00 00 00 00 00 
00 00 00 00 00 00 00 00 00 00 00 00 00 00 00 00 
00 00 00 00 00 00 00 00 00 00 00 00 00 00 00 00 
00 00 00 00 00 00 00 00 00 00 00 00 00 00 00 00 
00 00 00 00 00 00 00 00 00 00 00 00 00 00 00 00 
00 00 00 00 00 00 00 00 00 00 00 00 00 00 00 00 
00 00 00 00 00 00 00 00 00 00 00 00 00 00 00 00 
00 00 00 00 00 00 00 00 00 00 00 00 00 00 00 00 
00 00 00 00 00 00 00 00 00 00 00 00 00 00 00 00 
00 00 00 00 00 00 00 00 00 00 00 00 00 00 00 00 
00 00 00 00 00 00 00 00 00 00 00 00 00 00 00 00 
00 00 00 00 00 00 00 00 00 00 00 00 00 00 00 00 
00 00 00 00 00 00 00 00 00 00 00 00 00 00 00 00 
00 00 00 00 00 00 00 00 00 00 00 00 00 00 00 00 
00 00 00 00 00 00 00 00 00 00 00 00 00 00 00 00 
00 00 00 00 00 00 00 00 00 00 00 00 00 00 00 00 
00 00 00 00 00 00 00 00 00 00 00 00 00 00 00 00 
00 00 00 00 00 00 00 00 00 00 00 00 00 00 00 00 
00 00 00 00 00 00 00 00 00 00 00 00 00 00 00 00 
00 00 00 00 00 00 00 00 00 00 00 00 00 00 00 00 
00 00 00 00 00 00 00 00 00 00 00 00 00 00 
--
a packet from guest to host, length 60
b0 c4 20 00 00 02 b0 c4 20 00 00 01 08 00 45 00 
00 20 00 00 00 00 3c 11 e9 79 c0 a8 0a 02 c0 a8 
0a 01 07 d1 00 45 00 0c 62 5c 00 04 00 0c 4f 53 
2e 4b 65 72 6e 65 6c 2e 69 6d 67 00 
--
a packet from host to guest, length 558
b0 c4 20 00 00 01 b0 c4 20 00 00 02 08 00 45 00 
02 20 00 01 00 00 07 11 1c 79 c0 a8 0a 01 c0 a8 
0a 02 00 45 07 d1 02 0c 5e 5c 00 03 00 0d 00 00 
00 00 00 00 00 00 00 00 00 00 00 00 00 00 00 00 
00 00 00 00 00 00 00 00 00 00 00 00 00 00 00 00 
00 00 00 00 00 00 00 00 00 00 00 00 00 00 00 00 
00 00 00 00 00 00 00 00 00 00 00 00 00 00 00 00 
00 00 00 00 00 00 00 00 00 00 00 00 00 00 00 00 
00 00 00 00 00 00 00 00 00 00 00 00 00 00 00 00 
00 00 00 00 00 00 00 00 00 00 00 00 00 00 00 00 
00 00 00 00 00 00 00 00 00 00 00 00 00 00 00 00 
00 00 00 00 00 00 00 00 00 00 00 00 00 00 00 00 
00 00 00 00 00 00 00 00 00 00 00 00 00 00 00 00 
00 00 00 00 00 00 00 00 00 00 00 00 00 00 00 00 
00 00 00 00 00 00 00 00 00 00 00 00 00 00 00 00 
00 00 00 00 00 00 00 00 00 00 00 00 00 00 00 00 
00 00 00 00 00 00 00 00 00 00 00 00 00 00 00 00 
00 00 00 00 00 00 00 00 00 00 00 00 00 00 00 00 
00 00 00 00 00 00 00 00 00 00 00 00 00 00 00 00 
00 00 00 00 00 00 00 00 00 00 00 00 00 00 00 00 
00 00 00 00 00 00 00 00 00 00 00 00 00 00 00 00 
00 00 00 00 00 00 00 00 00 00 00 00 00 00 00 00 
00 00 00 00 00 00 00 00 00 00 00 00 00 00 00 00 
00 00 00 00 00 00 00 00 00 00 00 00 00 00 00 00 
00 00 00 00 00 00 00 00 00 00 00 00 00 00 00 00 
00 00 00 00 00 00 00 00 00 00 00 00 00 00 00 00 
00 00 00 00 00 00 00 00 00 00 00 00 00 00 00 00 
00 00 00 00 00 00 00 00 00 00 00 00 00 00 00 00 
00 00 00 00 00 00 00 00 00 00 00 00 00 00 00 00 
00 00 00 00 00 00 00 00 00 00 00 00 00 00 00 00 
00 00 00 00 00 00 00 00 00 00 00 00 00 00 00 00 
00 00 00 00 00 00 00 00 00 00 00 00 00 00 00 00 
00 00 00 00 00 00 00 00 00 00 00 00 00 00 00 00 
00 00 00 00 00 00 00 00 00 00 00 00 00 00 00 00 
00 00 00 00 00 00 00 00 00 00 00 00 00 00 
--
a packet from guest to host, length 60
b0 c4 20 00 00 02 b0 c4 20 00 00 01 08 00 45 00 
00 20 00 00 00 00 3c 11 e9 79 c0 a8 0a 02 c0 a8 
0a 01 07 d1 00 45 00 0c 62 5b 00 04 00 0d 4f 53 
2e 4b 65 72 6e 65 6c 2e 69 6d 67 00 
--
a packet from host to guest, length 558
b0 c4 20 00 00 01 b0 c4 20 00 00 02 08 00 45 00 
02 20 00 01 00 00 07 11 1c 79 c0 a8 0a 01 c0 a8 
0a 02 00 45 07 d1 02 0c 5e 5b 00 03 00 0e 00 00 
00 00 00 00 00 00 00 00 00 00 00 00 00 00 00 00 
00 00 00 00 00 00 00 00 00 00 00 00 00 00 00 00 
00 00 00 00 00 00 00 00 00 00 00 00 00 00 00 00 
00 00 00 00 00 00 00 00 00 00 00 00 00 00 00 00 
00 00 00 00 00 00 00 00 00 00 00 00 00 00 00 00 
00 00 00 00 00 00 00 00 00 00 00 00 00 00 00 00 
00 00 00 00 00 00 00 00 00 00 00 00 00 00 00 00 
00 00 00 00 00 00 00 00 00 00 00 00 00 00 00 00 
00 00 00 00 00 00 00 00 00 00 00 00 00 00 00 00 
00 00 00 00 00 00 00 00 00 00 00 00 00 00 00 00 
00 00 00 00 00 00 00 00 00 00 00 00 00 00 00 00 
00 00 00 00 00 00 00 00 00 00 00 00 00 00 00 00 
00 00 00 00 00 00 00 00 00 00 00 00 00 00 00 00 
00 00 00 00 00 00 00 00 00 00 00 00 00 00 00 00 
00 00 00 00 00 00 00 00 00 00 00 00 00 00 00 00 
00 00 00 00 00 00 00 00 00 00 00 00 00 00 00 00 
00 00 00 00 00 00 00 00 00 00 00 00 00 00 00 00 
00 00 00 00 00 00 00 00 00 00 00 00 00 00 00 00 
00 00 00 00 00 00 00 00 00 00 00 00 00 00 00 00 
00 00 00 00 00 00 00 00 00 00 00 00 00 00 00 00 
00 00 00 00 00 00 00 00 00 00 00 00 00 00 00 00 
00 00 00 00 00 00 00 00 00 00 00 00 00 00 00 00 
00 00 00 00 00 00 00 00 00 00 00 00 00 00 00 00 
00 00 00 00 00 00 00 00 00 00 00 00 00 00 00 00 
00 00 00 00 00 00 00 00 00 00 00 00 00 00 00 00 
00 00 00 00 00 00 00 00 00 00 00 00 00 00 00 00 
00 00 00 00 00 00 00 00 00 00 00 00 00 00 00 00 
00 00 00 00 00 00 00 00 00 00 00 00 00 00 00 00 
00 00 00 00 00 00 00 00 00 00 00 00 00 00 00 00 
00 00 00 00 00 00 00 00 00 00 00 00 00 00 00 00 
00 00 00 00 00 00 00 00 00 00 00 00 00 00 00 00 
00 00 00 00 00 00 00 00 00 00 00 00 00 00 
--
a packet from guest to host, length 60
b0 c4 20 00 00 02 b0 c4 20 00 00 01 08 00 45 00 
00 20 00 00 00 00 3c 11 e9 79 c0 a8 0a 02 c0 a8 
0a 01 07 d1 00 45 00 0c 62 5a 00 04 00 0e 4f 53 
2e 4b 65 72 6e 65 6c 2e 69 6d 67 00 
--
a packet from host to guest, length 558
b0 c4 20 00 00 01 b0 c4 20 00 00 02 08 00 45 00 
02 20 00 01 00 00 07 11 1c 79 c0 a8 0a 01 c0 a8 
0a 02 00 45 07 d1 02 0c 5e 5a 00 03 00 0f 00 00 
00 00 00 00 00 00 00 00 00 00 00 00 00 00 00 00 
00 00 00 00 00 00 00 00 00 00 00 00 00 00 00 00 
00 00 00 00 00 00 00 00 00 00 00 00 00 00 00 00 
00 00 00 00 00 00 00 00 00 00 00 00 00 00 00 00 
00 00 00 00 00 00 00 00 00 00 00 00 00 00 00 00 
00 00 00 00 00 00 00 00 00 00 00 00 00 00 00 00 
00 00 00 00 00 00 00 00 00 00 00 00 00 00 00 00 
00 00 00 00 00 00 00 00 00 00 00 00 00 00 00 00 
00 00 00 00 00 00 00 00 00 00 00 00 00 00 00 00 
00 00 00 00 00 00 00 00 00 00 00 00 00 00 00 00 
00 00 00 00 00 00 00 00 00 00 00 00 00 00 00 00 
00 00 00 00 00 00 00 00 00 00 00 00 00 00 00 00 
00 00 00 00 00 00 00 00 00 00 00 00 00 00 00 00 
00 00 00 00 00 00 00 00 00 00 00 00 00 00 00 00 
00 00 00 00 00 00 00 00 00 00 00 00 00 00 00 00 
00 00 00 00 00 00 00 00 00 00 00 00 00 00 00 00 
00 00 00 00 00 00 00 00 00 00 00 00 00 00 00 00 
00 00 00 00 00 00 00 00 00 00 00 00 00 00 00 00 
00 00 00 00 00 00 00 00 00 00 00 00 00 00 00 00 
00 00 00 00 00 00 00 00 00 00 00 00 00 00 00 00 
00 00 00 00 00 00 00 00 00 00 00 00 00 00 00 00 
00 00 00 00 00 00 00 00 00 00 00 00 00 00 00 00 
00 00 00 00 00 00 00 00 00 00 00 00 00 00 00 00 
00 00 00 00 00 00 00 00 00 00 00 00 00 00 00 00 
00 00 00 00 00 00 00 00 00 00 00 00 00 00 00 00 
00 00 00 00 00 00 00 00 00 00 00 00 00 00 00 00 
00 00 00 00 00 00 00 00 00 00 00 00 00 00 00 00 
00 00 00 00 00 00 00 00 00 00 00 00 00 00 00 00 
00 00 00 00 00 00 00 00 00 00 00 00 00 00 00 00 
00 00 00 00 00 00 00 00 00 00 00 00 00 00 00 00 
00 00 00 00 00 00 00 00 00 00 00 00 00 00 00 00 
00 00 00 00 00 00 00 00 00 00 00 00 00 00 
--
a packet from guest to host, length 60
b0 c4 20 00 00 02 b0 c4 20 00 00 01 08 00 45 00 
00 20 00 00 00 00 3c 11 e9 79 c0 a8 0a 02 c0 a8 
0a 01 07 d1 00 45 00 0c 62 59 00 04 00 0f 4f 53 
2e 4b 65 72 6e 65 6c 2e 69 6d 67 00 
--
a packet from host to guest, length 558
b0 c4 20 00 00 01 b0 c4 20 00 00 02 08 00 45 00 
02 20 00 01 00 00 07 11 1c 79 c0 a8 0a 01 c0 a8 
0a 02 00 45 07 d1 02 0c 5e 59 00 03 00 10 00 00 
00 00 00 00 00 00 00 00 00 00 00 00 00 00 00 00 
00 00 00 00 00 00 00 00 00 00 00 00 00 00 00 00 
00 00 00 00 00 00 00 00 00 00 00 00 00 00 00 00 
00 00 00 00 00 00 00 00 00 00 00 00 00 00 00 00 
00 00 00 00 00 00 00 00 00 00 00 00 00 00 00 00 
00 00 00 00 00 00 00 00 00 00 00 00 00 00 00 00 
00 00 00 00 00 00 00 00 00 00 00 00 00 00 00 00 
00 00 00 00 00 00 00 00 00 00 00 00 00 00 00 00 
00 00 00 00 00 00 00 00 00 00 00 00 00 00 00 00 
00 00 00 00 00 00 00 00 00 00 00 00 00 00 00 00 
00 00 00 00 00 00 00 00 00 00 00 00 00 00 00 00 
00 00 00 00 00 00 00 00 00 00 00 00 00 00 00 00 
00 00 00 00 00 00 00 00 00 00 00 00 00 00 00 00 
00 00 00 00 00 00 00 00 00 00 00 00 00 00 00 00 
00 00 00 00 00 00 00 00 00 00 00 00 00 00 00 00 
00 00 00 00 00 00 00 00 00 00 00 00 00 00 00 00 
00 00 00 00 00 00 00 00 00 00 00 00 00 00 00 00 
00 00 00 00 00 00 00 00 00 00 00 00 00 00 00 00 
00 00 00 00 00 00 00 00 00 00 00 00 00 00 00 00 
00 00 00 00 00 00 00 00 00 00 00 00 00 00 00 00 
00 00 00 00 00 00 00 00 00 00 00 00 00 00 00 00 
00 00 00 00 00 00 00 00 00 00 00 00 00 00 00 00 
00 00 00 00 00 00 00 00 00 00 00 00 00 00 00 00 
00 00 00 00 00 00 00 00 00 00 00 00 00 00 00 00 
00 00 00 00 00 00 00 00 00 00 00 00 00 00 00 00 
00 00 00 00 00 00 00 00 00 00 00 00 00 00 00 00 
00 00 00 00 00 00 00 00 00 00 00 00 00 00 00 00 
00 00 00 00 00 00 00 00 00 00 00 00 00 00 00 00 
00 00 00 00 00 00 00 00 00 00 00 00 00 00 00 00 
00 00 00 00 00 00 00 00 00 00 00 00 00 00 00 00 
00 00 00 00 00 00 00 00 00 00 00 00 00 00 00 00 
00 00 00 00 00 00 00 00 00 00 00 00 00 00 
--
a packet from guest to host, length 60
b0 c4 20 00 00 02 b0 c4 20 00 00 01 08 00 45 00 
00 20 00 00 00 00 3c 11 e9 79 c0 a8 0a 02 c0 a8 
0a 01 07 d1 00 45 00 0c 62 58 00 04 00 10 4f 53 
2e 4b 65 72 6e 65 6c 2e 69 6d 67 00 
--
a packet from host to guest, length 558
b0 c4 20 00 00 01 b0 c4 20 00 00 02 08 00 45 00 
02 20 00 01 00 00 07 11 1c 79 c0 a8 0a 01 c0 a8 
0a 02 00 45 07 d1 02 0c d8 7e 00 03 00 11 55 57 
56 53 52 e8 00 00 00 00 5b 81 c3 ae 02 00 00 8b 
83 48 0d 00 00 89 04 24 83 f8 4f 7e 5e 31 ed 8d 
76 00 31 c0 8d bd 00 80 0b 00 8d b5 a0 80 0b 00 
66 90 8d 14 07 8d 0c 06 66 8b 09 66 89 0a 83 c0 
02 3d a0 00 00 00 75 ea 81 c5 a0 00 00 00 81 fd 
00 0f 00 00 75 cc b8 00 8f 0b 00 8d 76 00 c6 40 
01 07 c6 00 20 83 c0 02 3d a0 8f 0b 00 75 ef 8b 
04 24 83 e8 50 89 83 48 0d 00 00 58 5b 5e 5f 5d 
c3 90 55 57 56 53 56 e8 00 00 00 00 5b 81 c3 2a 
02 00 00 8b 93 48 0d 00 00 01 c2 81 fa d0 07 00 
00 74 3b 85 c0 7e 2e 8b ab 48 0d 00 00 8d 3c 00 
31 d2 8d b4 2d 00 80 0b 00 90 8d 0c 16 c6 41 01 
07 c6 01 20 83 c2 02 39 fa 75 ef 8d 44 05 00 89 
83 48 0d 00 00 59 5b 5e 5f 5d c3 8d 76 00 89 04 
24 e8 18 ff ff ff 8b 04 24 eb b8 8d 76 00 56 53 
83 ec 08 e8 00 00 00 00 5b 81 c3 be 01 00 00 3c 
09 74 4b 3c 0a 74 2b 8b 8b 48 0d 00 00 81 f9 cf 
07 00 00 74 69 8d 71 01 89 b3 48 0d 00 00 d1 e1 
88 91 01 80 0b 00 88 81 00 80 0b 00 83 c4 08 5b 
5e c3 8b 83 48 0d 00 00 b9 50 00 00 00 99 f7 f9 
89 c8 29 d0 83 c4 08 5b 5e e9 34 ff ff ff 8b 83 
48 0d 00 00 b9 50 00 00 00 99 f7 f9 81 e2 03 00 
00 80 78 12 b8 04 00 00 00 29 d0 83 c4 08 5b 5e 
e9 0d ff ff ff 90 4a 83 ca fc 42 eb e7 90 88 44 
24 04 88 14 24 e8 74 fe ff ff 8b 8b 48 0d 00 00 
8a 14 24 8a 44 24 04 e9 79 ff ff ff 66 90 ba d4 
03 00 00 b8 0a 00 00 00 ee b2 d5 b0 20 ee b8 00 
80 0b 00 8d 76 00 c6 40 01 07 c6 00 20 83 c0 02 
3d a0 8f 0b 00 75 ef c3 66 90 0f be 44 24 04 ba 
07 00 00 00 e9 15 ff ff ff 90 56 8b 74 24 08 8a 
06 84 c0 74 15 90 0f be c0 ba 07 00 00 00 e8 fb 
fe ff ff 46 8a 06 84 c0 75 ec 5e c3 66 90 
--
a packet from guest to host, length 60
b0 c4 20 00 00 02 b0 c4 20 00 00 01 08 00 45 00 
00 20 00 00 00 00 3c 11 e9 79 c0 a8 0a 02 c0 a8 
0a 01 07 d1 00 45 00 0c 62 57 00 04 00 11 4f 53 
2e 4b 65 72 6e 65 6c 2e 69 6d 67 00 
--
a packet from host to guest, length 558
b0 c4 20 00 00 01 b0 c4 20 00 00 02 08 00 45 00 
02 20 00 01 00 00 07 11 1c 79 c0 a8 0a 01 c0 a8 
0a 02 00 45 07 d1 02 0c 8f 62 00 03 00 12 0f be 
44 24 04 ba 0e 00 00 00 e9 e1 fe ff ff 90 56 8b 
74 24 08 8a 06 84 c0 74 15 90 0f be c0 ba 0e 00 
00 00 e8 c7 fe ff ff 46 8a 06 84 c0 75 ec 5e c3 
66 90 0f be 44 24 04 ba 04 00 00 00 e9 ad fe ff 
ff 90 56 8b 74 24 08 8a 06 84 c0 74 15 90 0f be 
c0 ba 04 00 00 00 e8 93 fe ff ff 46 8a 06 84 c0 
75 ec 5e c3 00 00 bd 10 60 20 00 89 ec 6a 00 9d 
53 50 e8 03 00 00 00 f4 eb fd 55 89 e5 56 53 83 
e4 f0 83 ec 10 e8 00 00 00 00 5b 81 c3 2c 00 00 
00 e8 08 ff ff ff 8d b3 24 ef ff ff 89 34 24 e8 
36 ff ff ff 89 34 24 e8 62 ff ff ff 89 34 24 e8 
8e ff ff ff eb fe 00 00 00 00 00 00 00 00 00 00 
00 00 00 2e 73 79 6d 74 61 62 00 2e 73 74 72 74 
61 62 00 2e 73 68 73 74 72 74 61 62 00 2e 6d 75 
6c 74 69 62 6f 6f 74 00 2e 65 68 5f 66 72 61 6d 
65 00 2e 72 6f 64 61 74 61 2e 73 74 72 31 2e 31 
00 2e 74 65 78 74 00 2e 67 6f 74 2e 70 6c 74 00 
2e 62 73 73 00 00 00 00 00 00 00 00 00 00 00 00 
00 00 00 00 00 00 00 00 00 00 00 00 00 00 00 00 
00 00 00 00 00 00 00 00 00 00 00 00 00 00 1b 00 
00 00 01 00 00 00 02 00 00 00 00 00 20 00 00 10 
00 00 24 00 00 00 00 00 00 00 00 00 00 00 04 00 
00 00 00 00 00 00 26 00 00 00 01 00 00 00 02 00 
00 00 24 00 20 00 24 10 00 00 b8 01 00 00 00 00 
00 00 00 00 00 00 04 00 00 00 00 00 00 00 30 00 
00 00 01 00 00 00 32 00 00 00 dc 01 20 00 dc 11 
00 00 0d 00 00 00 00 00 00 00 00 00 00 00 01 00 
00 00 01 00 00 00 3f 00 00 00 01 00 00 00 06 00 
00 00 00 10 20 00 00 20 00 00 b8 02 00 00 00 00 
00 00 00 00 00 00 04 00 00 00 00 00 00 00 45 00 
00 00 01 00 00 00 03 00 00 00 b8 12 20 00 b8 22 
00 00 0c 00 00 00 00 00 00 00 00 00 00 00 
--
a packet from guest to host, length 60
b0 c4 20 00 00 02 b0 c4 20 00 00 01 08 00 45 00 
00 20 00 00 00 00 3c 11 e9 79 c0 a8 0a 02 c0 a8 
0a 01 07 d1 00 45 00 0c 62 56 00 04 00 12 4f 53 
2e 4b 65 72 6e 65 6c 2e 69 6d 67 00 
--
a packet from host to guest, length 558
b0 c4 20 00 00 01 b0 c4 20 00 00 02 08 00 45 00 
02 20 00 01 00 00 07 11 1c 79 c0 a8 0a 01 c0 a8 
0a 02 00 45 07 d1 02 0c 22 e3 00 03 00 13 04 00 
00 00 04 00 00 00 4e 00 00 00 08 00 00 00 03 00 
00 00 00 20 20 00 c4 22 00 00 10 40 00 00 00 00 
00 00 00 00 00 00 10 00 00 00 00 00 00 00 11 00 
00 00 03 00 00 00 00 00 00 00 00 00 00 00 c4 22 
00 00 53 00 00 00 00 00 00 00 00 00 00 00 01 00 
00 00 00 00 00 00 01 00 00 00 02 00 00 00 00 00 
00 00 00 00 00 00 a8 24 00 00 00 02 00 00 09 00 
00 00 11 00 00 00 04 00 00 00 10 00 00 00 09 00 
00 00 03 00 00 00 00 00 00 00 00 00 00 00 a8 26 
00 00 5b 01 00 00 00 00 00 00 00 00 00 00 01 00 
00 00 00 00 00 00 00 00 00 00 00 00 00 00 00 00 
00 00 00 00 00 00 00 00 00 00 00 00 20 00 00 00 
00 00 03 00 01 00 00 00 00 00 24 00 20 00 00 00 
00 00 03 00 02 00 00 00 00 00 dc 01 20 00 00 00 
00 00 03 00 03 00 00 00 00 00 00 10 20 00 00 00 
00 00 03 00 04 00 00 00 00 00 b8 12 20 00 00 00 
00 00 03 00 05 00 00 00 00 00 00 20 20 00 00 00 
00 00 03 00 06 00 01 00 00 00 00 00 20 00 00 00 
00 00 00 00 01 00 12 00 00 00 68 12 20 00 00 00 
00 00 00 00 04 00 22 00 00 00 79 12 20 00 00 00 
00 00 00 00 04 00 27 00 00 00 00 00 00 00 00 00 
00 00 04 00 f1 ff 31 00 00 00 00 10 20 00 83 00 
00 00 02 00 04 00 3d 00 00 00 00 20 20 00 04 00 
00 00 01 00 06 00 44 00 00 00 84 10 20 00 69 00 
00 00 02 00 04 00 51 00 00 00 f0 10 20 00 ae 00 
00 00 02 00 04 00 5c 00 00 00 00 00 00 00 00 00 
00 00 04 00 f1 ff 63 00 00 00 b8 12 20 00 00 00 
00 00 01 00 05 00 79 00 00 00 00 10 20 00 00 00 
00 00 10 00 f1 ff 84 00 00 00 34 12 20 00 0f 00 
00 00 12 00 04 00 9d 00 00 00 10 20 20 00 00 40 
00 00 11 00 06 00 a3 00 00 00 10 12 20 00 22 00 
00 00 12 00 04 00 c0 00 00 00 dc 11 20 00 
--
a packet from guest to host, length 60
b0 c4 20 00 00 02 b0 c4 20 00 00 01 08 00 45 00 
00 20 00 00 00 00 3c 11 e9 79 c0 a8 0a 02 c0 a8 
0a 01 07 d1 00 45 00 0c 62 55 00 04 00 13 4f 53 
2e 4b 65 72 6e 65 6c 2e 69 6d 67 00 
--
a packet from host to guest, length 558
b0 c4 20 00 00 01 b0 c4 20 00 00 02 08 00 45 00 
02 20 00 01 00 00 07 11 1c 79 c0 a8 0a 01 c0 a8 
0a 02 00 45 07 d1 02 0c 3e b5 00 03 00 14 22 00 
00 00 12 00 04 00 d5 00 00 00 68 12 20 00 00 00 
00 00 10 00 04 00 dc 00 00 00 cc 11 20 00 0f 00 
00 00 12 00 04 00 ef 00 00 00 a0 11 20 00 2a 00 
00 00 12 00 04 00 fd 00 00 00 7c 12 20 00 3c 00 
00 00 12 00 04 00 02 01 00 00 10 60 20 00 00 00 
00 00 10 00 f1 ff 0d 01 00 00 44 12 20 00 22 00 
00 00 12 00 04 00 28 01 00 00 c4 12 20 00 00 00 
00 00 10 00 f1 ff 31 01 00 00 68 12 20 00 00 00 
00 00 10 00 04 00 37 01 00 00 00 00 20 00 00 00 
00 00 10 00 f1 ff 40 01 00 00 00 12 20 00 0f 00 
00 00 12 00 04 00 00 6d 75 6c 74 69 62 6f 6f 74 
5f 68 65 61 64 65 72 00 6d 75 6c 74 69 62 6f 6f 
74 5f 65 6e 74 72 79 00 6c 6f 6f 70 00 63 6f 6e 
73 6f 6c 65 2e 63 00 73 63 72 6f 6c 6c 5f 6c 69 
6e 65 00 63 75 72 73 6f 72 00 77 72 69 74 65 5f 
73 70 61 63 65 73 00 77 72 69 74 65 5f 63 68 61 
72 00 6d 61 69 6e 2e 63 00 5f 47 4c 4f 42 41 4c 
5f 4f 46 46 53 45 54 5f 54 41 42 4c 45 5f 00 5f 
5f 62 5f 6b 65 72 6e 65 6c 00 63 6f 6e 73 6f 6c 
65 5f 77 72 69 74 65 5f 63 68 61 72 5f 65 72 72 
6f 72 00 73 74 61 63 6b 00 63 6f 6e 73 6f 6c 65 
5f 77 72 69 74 65 5f 73 74 72 69 6e 67 5f 77 61 
72 6e 69 6e 67 00 63 6f 6e 73 6f 6c 65 5f 77 72 
69 74 65 5f 73 74 72 69 6e 67 00 5f 73 74 61 72 
74 00 63 6f 6e 73 6f 6c 65 5f 77 72 69 74 65 5f 
63 68 61 72 00 63 6f 6e 73 6f 6c 65 5f 73 65 74 
75 70 00 6d 61 69 6e 00 5f 5f 65 5f 6b 65 72 6e 
65 6c 00 63 6f 6e 73 6f 6c 65 5f 77 72 69 74 65 
5f 73 74 72 69 6e 67 5f 65 72 72 6f 72 00 5f 5f 
65 5f 6c 6f 61 64 00 73 74 61 72 74 00 5f 5f 62 
5f 6c 6f 61 64 00 63 6f 6e 73 6f 6c 65 5f 77 72 
69 74 65 5f 63 68 61 72 5f 77 61 72 6e 69 
--
a packet from guest to host, length 60
b0 c4 20 00 00 02 b0 c4 20 00 00 01 08 00 45 00 
00 20 00 00 00 00 3c 11 e9 79 c0 a8 0a 02 c0 a8 
0a 01 07 d1 00 45 00 0c 62 54 00 04 00 14 4f 53 
2e 4b 65 72 6e 65 6c 2e 69 6d 67 00 
--
a packet from host to guest, length 60
b0 c4 20 00 00 01 b0 c4 20 00 00 02 08 00 45 00 
00 23 00 01 00 00 07 11 1e 76 c0 a8 0a 01 c0 a8 
0a 02 00 45 07 d1 00 0f f3 e6 00 03 00 15 6e 67 
00 00 00 00 00 00 00 00 00 00 00 00 
--
a packet from guest to host, length 60
b0 c4 20 00 00 02 b0 c4 20 00 00 01 08 00 45 00 
00 20 00 00 00 00 3c 11 e9 79 c0 a8 0a 02 c0 a8 
0a 01 07 d1 00 45 00 0c 62 53 00 04 00 15 4f 53 
2e 4b 65 72 6e 65 6c 2e 69 6d 67 00 
--
a packet from host to guest, length 60
b0 c4 20 00 00 01 b0 c4 20 00 00 02 08 00 45 00 
00 20 00 01 00 00 07 11 1e 79 c0 a8 0a 01 c0 a8 
0a 02 00 45 07 d1 00 0c 62 53 00 03 00 16 00 00 
00 00 00 00 00 00 00 00 00 00 00 00 
--
a packet from guest to host, length 84
b0 c4 20 00 00 02 b0 c4 20 00 00 01 08 00 45 00 
00 46 00 00 00 00 3c 11 e9 53 c0 a8 0a 02 c0 a8 
0a 01 07 d2 00 45 00 32 ac aa 00 01 2f 49 4f 53 
2e 52 6f 6d 2e 69 6d 67 00 6f 63 74 65 74 00 62 
6c 6b 73 69 7a 65 00 31 34 33 32 00 74 73 69 7a 
65 00 30 00 
--
a packet from host to guest, length 64
b0 c4 20 00 00 01 b0 c4 20 00 00 02 08 00 45 00 
00 32 00 01 00 00 07 11 1e 67 c0 a8 0a 01 c0 a8 
0a 02 00 45 07 d2 00 1e e6 c6 00 06 74 73 69 7a 
65 00 35 00 62 6c 6b 73 69 7a 65 00 35 31 32 00 
--
a packet from guest to host, length 60
b0 c4 20 00 00 02 b0 c4 20 00 00 01 08 00 45 00 
00 20 00 00 00 00 3c 11 e9 79 c0 a8 0a 02 c0 a8 
0a 01 07 d2 00 45 00 0c 62 67 00 04 00 00 4f 53 
2e 52 6f 6d 2e 69 6d 67 00 6f 63 74 
--
a packet from host to guest, length 60
b0 c4 20 00 00 01 b0 c4 20 00 00 02 08 00 45 00 
00 25 00 01 00 00 07 11 1e 74 c0 a8 0a 01 c0 a8 
0a 02 00 45 07 d2 00 11 13 7b 00 03 00 01 65 6d 
70 74 79 00 00 00 00 00 00 00 00 00 
--
a packet from guest to host, length 60
b0 c4 20 00 00 02 b0 c4 20 00 00 01 08 00 45 00 
00 20 00 00 00 00 3c 11 e9 79 c0 a8 0a 02 c0 a8 
0a 01 07 d2 00 45 00 0c 62 66 00 04 00 01 4f 53 
2e 52 6f 6d 2e 69 6d 67 00 6f 63 74 
--
a packet from host to guest, length 60
b0 c4 20 00 00 01 b0 c4 20 00 00 02 08 00 45 00 
00 20 00 01 00 00 07 11 1e 79 c0 a8 0a 01 c0 a8 
0a 02 00 45 07 d2 00 0c 62 66 00 03 00 02 00 00 
00 00 00 00 00 00 00 00 00 00 00 00 
--
